x = [ 1.1960 0.2449 0.1980 ]