A = [
	0.1^3 0.1^2 0.1 1
	0.3^3 0.3^2 0.3 1
	0.6^3 0.6^2 0.6 1
	1.2^3 1.2^2 1.2 1
];

B = [
	1.023
	1.261
	2.368
	9.064
	];
x = A\B
